Terminal:1
52 65 63 65 69 76 65 64 20 64 61 74 61 3A 20 FF 02 01 01 01 31 00 0D 0A 

Terminal:11
52 65 63 65 69 76 65 64 20 64 61 74 61 3A 20 FF 02 01 01 02 31 31 00 0D 0A

Terminal:111
52 65 63 65 69 76 65 64 20 64 61 74 61 3A 20 FF 02 01 01 03 31 31 31 00 0D 0A

Gamepad:remote connected
05 21 11 19 30 6D 81 0C CB 1C 5C B2 42 E0 10 3A 36 80 75 F0 42 4C 45 20 49 6E 69 74 69 61 6C 69 7A 61 74 69 6F 6E 2E 2E 2E 0D 0A 07 81 39 78 7F E0 62 5B 09 64 13 93 30 30 DC 99 60 03 FC 42 4C 45 20 49 6E 69 74 69 61 6C 69 7A 61 74 69 6F 6E 2E 2E 2E 0D 0A 07 21 75 D0 CA 11 67 B3 08 29 19 20 31 00 52 33 A4 43 FF 42 4C 45 20 49 6E 69 74 69 61 6C 69 7A 61 74 69 6F 6E 2E 2E 2E 0D 0A 2B 21 1F F5 3F E0 31 1B 72 F3 04 14 0D E0 26 04 39 C0 42 4C 45 20 49 6E 69 74 69 61 6C 69 7A 61 74 69 6F 6E 2E 2E 2E 0D 0A 07 01 71 D0 95 17 BC C6 A2 8C 19 9C 81 18 A1 CA 03 35 F5 42 4C 45 20 49 6E 69 74 69 61 6C 69 7A 61 74 69 6F 6E 2E 2E 2E 0D 0A 27 41 9C C1 95 17 5E 06 8A C5 50 C5 8C E0 0A 75 EC 81 83 F0 42 4C 45 20 49 6E 69 74 69 61 6C 69 7A 61 74 69 6F 6E 2E 2E 2E 0D 0A 52 65 63 65 69 76 65 64 20 64 61 74 61 3A 20 FF 00 03 00 00 00 0D 0A

Gamepad:up
52 65 63 65 69 76 65 64 20 64 61 74 61 3A 20 FF 01 01 01 02 00 01 00 0D 0A 52 65 63 65 69 76 65 64 20 64 61 74 61 3A 20 FF 01 01 01 02 00 00 00 0D 0A

Gamepad:left
52 65 63 65 69 76 65 64 20 64 61 74 61 3A 20 FF 01 01 01 02 00 04 00 0D 0A 52 65 63 65 69 76 65 64 20 64 61 74 61 3A 20 FF 01 01 01 02 00 00 00 0D 0A

Gamepad:right
52 65 63 65 69 76 65 64 20 64 61 74 61 3A 20 FF 01 01 01 02 00 08 00 0D 0A 52 65 63 65 69 76 65 64 20 64 61 74 61 3A 20 FF 01 01 01 02 00 00 00 0D 0A

Gamepad:down
52 65 63 65 69 76 65 64 20 64 61 74 61 3A 20 FF 01 01 01 02 00 02 00 0D 0A 52 65 63 65 69 76 65 64 20 64 61 74 61 3A 20 FF 01 01 01 02 00 00 00 0D 0A

Gamepad:triangle
52 65 63 65 69 76 65 64 20 64 61 74 61 3A 20 FF 01 01 01 02 04 00 00 0D 0A 52 65 63 65 69 76 65 64 20 64 61 74 61 3A 20 FF 01 01 01 02 00 00 00 0D 0A

Gamepad:circle
52 65 63 65 69 76 65 64 20 64 61 74 61 3A 20 FF 01 01 01 02 08 00 00 0D 0A 52 65 63 65 69 76 65 64 20 64 61 74 61 3A 20 FF 01 01 01 02 00 00 00 0D 0A

Gamepad:cross
52 65 63 65 69 76 65 64 20 64 61 74 61 3A 20 FF 01 01 01 02 10 00 00 0D 0A 52 65 63 65 69 76 65 64 20 64 61 74 61 3A 20 FF 01 01 01 02 00 00 00 0D 0A

Gamepad:square
52 65 63 65 69 76 65 64 20 64 61 74 61 3A 20 FF 01 01 01 02 20 00 00 0D 0A 52 65 63 65 69 76 65 64 20 64 61 74 61 3A 20 FF 01 01 01 02 00 00 00 0D 0A

Gamepad:START
52 65 63 65 69 76 65 64 20 64 61 74 61 3A 20 FF 01 01 01 02 01 00 00 0D 0A 52 65 63 65 69 76 65 64 20 64 61 74 61 3A 20 FF 01 01 01 02 00 00 00 0D 0A

Gamepad:SELECT
52 65 63 65 69 76 65 64 20 64 61 74 61 3A 20 FF 01 01 01 02 02 00 00 0D 0A 52 65 63 65 69 76 65 64 20 64 61 74 61 3A 20 FF 01 01 01 02 00 00 00 0D 0A
